"","Latitude","Longitude","Depth","Area","Elev","SandPD","ClayPD","SiltPD","pH_soil","SMC","LOI","WEP_2024","WEP_2025","WEP100","MM3P","M3P","TP","Ag_tot","Al_tot","As_tot","Ba_tot","Ca_tot","Cd_tot","Co_tot","Cr_tot","Cu_tot","Fe_tot","K_tot","Li_tot","Mg_tot","Mn_tot","Na_tot","Ni_tot","Pb_tot","S_tot","Si_tot","Zn_tot","P_sorb","PSI"
"Latitude",1,-0.097,-0.201,0.781,-0.695,-0.275,0.134,0.22,-0.617,-0.184,-0.168,-0.075,0.404,0.207,0.532,0.139,-0.53,-0.154,-0.125,-0.114,-0.279,-0.367,-0.321,-0.271,-0.211,-0.354,-0.304,-0.149,-0.111,-0.241,-0.304,-0.004,-0.321,0.024,-0.32,0.433,-0.349,-0.324,-0.324
"Longitude",-0.097,1,0.236,0.341,0.065,0.022,-0.169,0.056,0.433,0.241,0.178,-0.077,-0.022,-0.418,-0.415,-0.193,-0.106,0.154,-0.12,-0.062,-0.069,0.034,0.079,0.107,-0.032,-0.051,0.008,-0.064,0.01,0.005,0.132,0.237,-0.138,0.269,-0.068,0.122,-0.012,-0.195,-0.195
"Depth",-0.201,0.236,1,-0.183,0.084,-0.023,0.171,-0.171,NA,-0.11,0.262,NA,NA,NA,NA,NA,NA,NA,NA,NA,NA,NA,NA,NA,NA,NA,NA,NA,NA,NA,NA,NA,NA,NA,NA,NA,NA,0.168,0.168
"Area",0.781,0.341,-0.183,1,-0.456,-0.021,-0.156,0.157,-0.225,-0.178,-0.229,-0.216,0.273,-0.129,0.064,-0.073,-0.689,-0.19,-0.248,-0.253,-0.428,-0.477,-0.422,-0.336,-0.253,-0.453,-0.412,-0.25,-0.171,-0.333,-0.39,0.082,-0.485,0.157,-0.424,0.516,-0.451,-0.719,-0.719
"Elev",-0.695,0.065,0.084,-0.456,1,0.366,-0.306,-0.275,0.469,0.159,0.096,0.077,-0.311,-0.206,-0.456,-0.236,0.322,-0.108,0.255,-0.021,0.212,0.18,0.137,0.248,0.32,0.332,0.234,0.258,0.223,0.289,0.219,0.165,0.28,-0.015,0.194,-0.101,0.29,0.261,0.261
"SandPD",-0.275,0.022,-0.023,-0.021,0.366,1,-0.432,-0.804,0.45,-0.203,0.194,0.023,0.018,-0.143,-0.229,-0.348,-0.143,-0.11,0.008,-0.191,-0.204,0.053,-0.181,-0.212,-0.005,-0.162,-0.164,-0.011,-0.074,-0.078,-0.2,-0.02,-0.048,-0.263,0.126,0.065,-0.116,-0.082,-0.082
"ClayPD",0.134,-0.169,0.171,-0.156,-0.306,-0.432,1,-0.076,0.186,-0.198,-0.392,-0.132,-0.078,-0.115,0.189,0.094,-0.147,0.079,0.248,0.123,0.111,-0.07,0.106,0.115,0.211,0.02,0.1,0.094,0.252,0.116,-0.011,0.11,0.216,-0.162,-0.278,0.177,0,0.129,0.129
"SiltPD",0.22,0.056,-0.171,0.157,-0.275,-0.804,-0.076,1,-0.6,0.33,-0.109,-0.095,-0.054,0.226,0.141,0.273,0.134,0.094,-0.253,0.163,0.097,-0.111,0.139,0.142,-0.153,0.068,0.123,-0.174,-0.149,-0.081,0.211,-0.057,-0.161,0.448,-0.083,-0.116,0.09,-0.115,-0.115
"pH_soil",-0.617,0.433,NA,-0.225,0.469,0.45,0.186,-0.6,1,-0.183,-0.126,-0.817,-0.9,-0.9,-0.736,-0.667,-0.133,NA,-0.45,-0.318,-0.35,0.1,-0.328,-0.321,-0.183,-0.417,-0.167,-0.433,-0.433,-0.533,-0.2,-0.033,-0.433,-0.318,0.117,0.1,-0.267,-0.1,-0.1
"SMC",-0.184,0.241,-0.11,-0.178,0.159,-0.203,-0.198,0.33,-0.183,1,0.31,0.321,0.057,0.239,0.22,0.035,0.517,0.205,0.207,0.394,0.443,0.185,0.565,0.565,0.415,0.498,0.446,0.266,0.309,0.511,0.499,0.404,0.364,0.388,0.012,-0.203,0.586,0.041,0.041
"LOI",-0.168,0.178,0.262,-0.229,0.096,0.194,-0.392,-0.109,-0.126,0.31,1,0.418,0.324,0.311,0.119,0.245,0.386,0.136,0.294,0.443,0.503,0.54,0.446,0.397,0.305,0.556,0.414,0.426,0.348,0.45,0.442,0.245,0.394,0.158,0.541,-0.262,0.469,0.46,0.46
"WEP_2024",-0.075,-0.077,NA,-0.216,0.077,0.023,-0.132,-0.095,-0.817,0.321,0.418,1,0.42,0.454,0.401,0.291,0.495,0.056,0.486,0.086,0.334,0.184,0.368,0.367,0.45,0.431,0.22,0.506,0.433,0.507,0.212,0.251,0.527,-0.248,0.062,-0.18,0.419,0.335,0.335
"WEP_2025",0.404,-0.022,NA,0.273,-0.311,0.018,-0.078,-0.054,-0.9,0.057,0.324,0.42,1,0.626,0.678,0.388,0.139,0.079,0.173,0.192,0.059,0.065,0.071,0.023,0.095,0.052,-0.013,0.309,0.196,0.148,-0.016,0.072,0.1,-0.006,0.083,0.094,0.06,-0.088,-0.088
"WEP100",0.207,-0.418,NA,-0.129,-0.206,-0.143,-0.115,0.226,-0.9,0.239,0.311,0.454,0.626,1,0.721,0.661,0.575,0.085,0.418,0.606,0.521,0.286,0.482,0.263,0.302,0.384,0.654,0.621,0.248,0.382,0.493,0.021,0.453,0.247,0.4,-0.346,0.568,0.432,0.432
"MM3P",0.532,-0.415,NA,0.064,-0.456,-0.229,0.189,0.141,-0.736,0.22,0.119,0.401,0.678,0.721,1,0.639,0.279,-0.052,0.448,0.327,0.162,0.17,0.127,0.008,0.126,0.097,0.166,0.527,0.29,0.258,-0.031,-0.111,0.359,0.074,0.167,-0.105,0.138,0.094,0.094
"M3P",0.139,-0.193,NA,-0.073,-0.236,-0.348,0.094,0.273,-0.667,0.035,0.245,0.291,0.388,0.661,0.639,1,0.321,0.135,0.212,0.227,0.223,0.147,0.328,0.17,0.135,0.201,0.277,0.322,0.224,0.184,0.149,0.114,0.21,0.093,0.113,-0.104,0.224,0.447,0.447
"TP",-0.53,-0.106,NA,-0.689,0.322,-0.143,-0.147,0.134,-0.133,0.517,0.386,0.495,0.139,0.575,0.279,0.321,1,0.238,0.277,0.404,0.5,0.469,0.558,0.474,0.319,0.534,0.5,0.34,0.251,0.456,0.493,0.093,0.494,0.084,0.394,-0.483,0.617,0.588,0.588
"Ag_tot",-0.154,0.154,NA,-0.19,-0.108,-0.11,0.079,0.094,NA,0.205,0.136,0.056,0.079,0.085,-0.052,0.135,0.238,1,-0.132,0.163,0.121,0.049,0.37,0.059,-0.12,0.018,0.014,-0.124,-0.001,0.023,0.146,-0.002,-0.002,0.117,-0.034,-0.362,0.055,0.209,0.209
"Al_tot",-0.125,-0.12,NA,-0.248,0.255,0.008,0.248,-0.253,-0.45,0.207,0.294,0.486,0.173,0.418,0.448,0.212,0.277,-0.132,1,0.356,0.706,0.527,0.555,0.689,0.858,0.695,0.554,0.91,0.916,0.866,0.482,0.588,0.886,-0.398,0.21,0.062,0.611,0.443,0.443
"As_tot",-0.114,-0.062,NA,-0.253,-0.021,-0.191,0.123,0.163,-0.318,0.394,0.443,0.086,0.192,0.606,0.327,0.227,0.404,0.163,0.356,1,0.775,0.392,0.662,0.645,0.359,0.636,0.725,0.406,0.447,0.467,0.608,0.215,0.49,0.424,0.435,-0.231,0.532,0.299,0.299
"Ba_tot",-0.279,-0.069,NA,-0.428,0.212,-0.204,0.111,0.097,-0.35,0.443,0.503,0.334,0.059,0.521,0.162,0.223,0.5,0.121,0.706,0.775,1,0.633,0.847,0.931,0.75,0.935,0.868,0.709,0.756,0.85,0.887,0.583,0.855,0.039,0.406,-0.096,0.877,0.551,0.551
"Ca_tot",-0.367,0.034,NA,-0.477,0.18,0.053,-0.07,-0.111,0.1,0.185,0.54,0.184,0.065,0.286,0.17,0.147,0.469,0.049,0.527,0.392,0.633,1,0.437,0.516,0.409,0.539,0.528,0.581,0.447,0.58,0.577,0.1,0.677,-0.21,0.821,-0.322,0.539,0.653,0.653
"Cd_tot",-0.321,0.079,NA,-0.422,0.137,-0.181,0.106,0.139,-0.328,0.565,0.446,0.368,0.071,0.482,0.127,0.328,0.558,0.37,0.555,0.662,0.847,0.437,1,0.85,0.688,0.817,0.865,0.558,0.663,0.756,0.85,0.67,0.7,0.234,0.206,-0.19,0.865,0.468,0.468
"Co_tot",-0.271,0.107,NA,-0.336,0.248,-0.212,0.115,0.142,-0.321,0.565,0.397,0.367,0.023,0.263,0.008,0.17,0.474,0.059,0.689,0.645,0.931,0.516,0.85,1,0.798,0.904,0.852,0.672,0.757,0.866,0.887,0.699,0.831,0.084,0.227,0.042,0.899,0.392,0.392
"Cr_tot",-0.211,-0.032,NA,-0.253,0.32,-0.005,0.211,-0.153,-0.183,0.415,0.305,0.45,0.095,0.302,0.126,0.135,0.319,-0.12,0.858,0.359,0.75,0.409,0.688,0.798,1,0.778,0.621,0.838,0.937,0.942,0.576,0.797,0.837,-0.082,0.086,0.096,0.767,0.278,0.278
"Cu_tot",-0.354,-0.051,NA,-0.453,0.332,-0.162,0.02,0.068,-0.417,0.498,0.556,0.431,0.052,0.384,0.097,0.201,0.534,0.018,0.695,0.636,0.935,0.539,0.817,0.904,0.778,1,0.785,0.713,0.766,0.857,0.812,0.646,0.843,0.054,0.341,-0.105,0.879,0.576,0.576
"Fe_tot",-0.304,0.008,NA,-0.412,0.234,-0.164,0.1,0.123,-0.167,0.446,0.414,0.22,-0.013,0.654,0.166,0.277,0.5,0.014,0.554,0.725,0.868,0.528,0.865,0.852,0.621,0.785,1,0.574,0.591,0.707,0.87,0.532,0.673,0.214,0.337,0.01,0.842,0.48,0.48
"K_tot",-0.149,-0.064,NA,-0.25,0.258,-0.011,0.094,-0.174,-0.433,0.266,0.426,0.506,0.309,0.621,0.527,0.322,0.34,-0.124,0.91,0.406,0.709,0.581,0.558,0.672,0.838,0.713,0.574,1,0.899,0.876,0.492,0.538,0.864,-0.242,0.332,0.001,0.651,0.505,0.505
"Li_tot",-0.111,0.01,NA,-0.171,0.223,-0.074,0.252,-0.149,-0.433,0.309,0.348,0.433,0.196,0.248,0.29,0.224,0.251,-0.001,0.916,0.447,0.756,0.447,0.663,0.757,0.937,0.766,0.591,0.899,1,0.927,0.542,0.779,0.838,-0.144,0.121,0.122,0.692,0.344,0.344
"Mg_tot",-0.241,0.005,NA,-0.333,0.289,-0.078,0.116,-0.081,-0.533,0.511,0.45,0.507,0.148,0.382,0.258,0.184,0.456,0.023,0.866,0.467,0.85,0.58,0.756,0.866,0.942,0.857,0.707,0.876,0.927,1,0.708,0.736,0.902,-0.051,0.259,-0.045,0.867,0.429,0.429
"Mn_tot",-0.304,0.132,NA,-0.39,0.219,-0.2,-0.011,0.211,-0.2,0.499,0.442,0.212,-0.016,0.493,-0.031,0.149,0.493,0.146,0.482,0.608,0.887,0.577,0.85,0.887,0.576,0.812,0.87,0.492,0.542,0.708,1,0.526,0.68,0.213,0.357,-0.12,0.882,0.439,0.439
"Na_tot",-0.004,0.237,NA,0.082,0.165,-0.02,0.11,-0.057,-0.033,0.404,0.245,0.251,0.072,0.021,-0.111,0.114,0.093,-0.002,0.588,0.215,0.583,0.1,0.67,0.699,0.797,0.646,0.532,0.538,0.779,0.736,0.526,1,0.535,0.196,-0.224,0.272,0.656,0.026,0.026
"Ni_tot",-0.321,-0.138,NA,-0.485,0.28,-0.048,0.216,-0.161,-0.433,0.364,0.394,0.527,0.1,0.453,0.359,0.21,0.494,-0.002,0.886,0.49,0.855,0.677,0.7,0.831,0.837,0.843,0.673,0.864,0.838,0.902,0.68,0.535,1,-0.334,0.362,-0.121,0.795,0.613,0.613
"Pb_tot",0.024,0.269,NA,0.157,-0.015,-0.263,-0.162,0.448,-0.318,0.388,0.158,-0.248,-0.006,0.247,0.074,0.093,0.084,0.117,-0.398,0.424,0.039,-0.21,0.234,0.084,-0.082,0.054,0.214,-0.242,-0.144,-0.051,0.213,0.196,-0.334,1,-0.022,-0.005,0.19,-0.214,-0.214
"S_tot",-0.32,-0.068,NA,-0.424,0.194,0.126,-0.278,-0.083,0.117,0.012,0.541,0.062,0.083,0.4,0.167,0.113,0.394,-0.034,0.21,0.435,0.406,0.821,0.206,0.227,0.086,0.341,0.337,0.332,0.121,0.259,0.357,-0.224,0.362,-0.022,1,-0.411,0.287,0.539,0.539
"Si_tot",0.433,0.122,NA,0.516,-0.101,0.065,0.177,-0.116,0.1,-0.203,-0.262,-0.18,0.094,-0.346,-0.105,-0.104,-0.483,-0.362,0.062,-0.231,-0.096,-0.322,-0.19,0.042,0.096,-0.105,0.01,0.001,0.122,-0.045,-0.12,0.272,-0.121,-0.005,-0.411,1,-0.146,-0.408,-0.408
"Zn_tot",-0.349,-0.012,NA,-0.451,0.29,-0.116,0,0.09,-0.267,0.586,0.469,0.419,0.06,0.568,0.138,0.224,0.617,0.055,0.611,0.532,0.877,0.539,0.865,0.899,0.767,0.879,0.842,0.651,0.692,0.867,0.882,0.656,0.795,0.19,0.287,-0.146,1,0.453,0.453
"P_sorb",-0.324,-0.195,0.168,-0.719,0.261,-0.082,0.129,-0.115,-0.1,0.041,0.46,0.335,-0.088,0.432,0.094,0.447,0.588,0.209,0.443,0.299,0.551,0.653,0.468,0.392,0.278,0.576,0.48,0.505,0.344,0.429,0.439,0.026,0.613,-0.214,0.539,-0.408,0.453,1,1
"PSI",-0.324,-0.195,0.168,-0.719,0.261,-0.082,0.129,-0.115,-0.1,0.041,0.46,0.335,-0.088,0.432,0.094,0.447,0.588,0.209,0.443,0.299,0.551,0.653,0.468,0.392,0.278,0.576,0.48,0.505,0.344,0.429,0.439,0.026,0.613,-0.214,0.539,-0.408,0.453,1,1
